 room_nm  | member_cnt | skill_score_tot | skill_score_avg | scores_desc 
----------+------------+-----------------+-----------------+-------------
 합주 1팀 |          3 |              12 |            4.00 | 5, 4, 3
 합주 9팀 |          3 |              11 |            3.67 | 5, 4, 2
 합주 8팀 |          3 |              10 |            3.33 | 5, 4, 1
 합주 7팀 |          3 |               9 |            3.00 | 4, 4, 1
 합주 2팀 |          4 |              11 |            2.75 | 4, 3, 3, 1
 합주 4팀 |          4 |              11 |            2.75 | 4, 4, 2, 1
 합주 5팀 |          4 |              11 |            2.75 | 4, 4, 2, 1
 합주 3팀 |          4 |              11 |            2.75 | 4, 3, 3, 1
 합주 6팀 |          4 |              10 |            2.50 | 4, 3, 2, 1
(9 rows)

